176.39 185.32 194.08 202.47 210.31 217.48 224.46 230.96 237.33 243.18 248.51 253.73 258.42 262.66 266.61 270.37 273.78 276.88 279.70 282.27 284.62
185.18 194.11 202.87 211.26 219.09 226.26 232.76 239.13 244.98 250.31 255.53 260.22 264.46 268.41 272.17 275.58 278.68 281.50 284.07 286.42 288.67
193.41 202.34 211.10 219.48 227.30 234.45 240.93 246.78 252.11 257.33 262.02 266.26 270.21 273.97 277.38 280.48 283.30 285.87 288.22 290.47 292.52
200.78 209.71 218.45 226.81 234.59 241.70 248.12 253.91 259.13 263.82 268.06 272.01 275.77 279.18 282.28 285.10 287.67 290.02 292.27 294.32 296.19
207.91 216.65 225.01 233.18 240.89 247.91 254.23 259.92 265.04 269.65 273.81 277.57 280.98 284.08 286.90 289.47 291.82 294.07 296.12 297.99 299.67
214.85 223.21 231.38 239.09 246.33 253.21 259.39 264.93 269.91 274.40 278.44 282.10 285.41 288.42 291.14 293.62 295.87 297.92 299.79 301.47 302.91
221.41 229.58 237.29 244.53 251.41 257.83 263.81 269.16 273.96 278.29 282.20 285.73 288.92 291.82 294.44 296.82 298.98 300.94 302.73 304.32 305.69
227.78 235.49 242.73 249.61 256.03 262.01 267.69 272.82 277.42 281.56 285.31 288.69 291.76 294.54 297.06 299.34 301.41 303.28 304.99 306.51 307.81
233.69 240.93 247.81 254.23 260.21 265.89 271.15 276.05 280.44 284.39 287.96 291.19 294.12 296.78 299.19 301.37 303.35 305.14 306.77 308.22 309.45
239.13 246.01 252.43 258.41 264.09 269.35 274.27 278.95 283.12 286.87 290.27 293.35 296.14 298.68 300.97 303.05 304.94 306.65 308.20 309.58 310.76
244.21 250.63 256.61 262.29 267.55 272.47 277.15 281.56 285.53 289.09 292.32 295.24 297.90 300.31 302.50 304.48 306.28 307.91 309.39 310.71 311.83
248.83 254.81 260.49 265.75 270.67 275.35 279.76 283.93 287.70 291.09 294.15 296.93 299.45 301.75 303.83 305.72 307.43 308.99 310.40 311.65 312.72
252.92 258.69 263.95 268.87 273.55 277.96 282.13 286.08 289.67 292.89 295.80 298.44 300.84 303.02 305.01 306.80 308.44 309.92 311.26 312.46 313.48
256.59 262.15 267.07 271.75 276.16 280.33 284.28 288.03 291.46 294.52 297.29 299.80 302.09 304.17 306.05 307.77 309.32 310.73 312.01 313.15 314.12
259.93 265.27 269.95 274.36 278.53 282.48 286.23 289.80 293.08 296.00 298.64 301.03 303.21 305.19 306.99 308.62 310.10 311.45 312.67 313.76 314.68
262.96 268.09 272.56 276.73 280.68 284.43 288.00 291.41 294.55 297.34 299.85 302.13 304.21 306.10 307.81 309.37 310.79 312.07 313.24 314.28 315.16
265.71 270.66 274.93 278.88 282.63 286.20 289.61 292.86 295.87 298.54 300.94 303.11 305.10 306.90 308.54 310.03 311.38 312.61 313.73 314.72 315.57
268.21 272.99 277.08 280.83 284.40 287.81 291.06 294.17 297.06 299.60 301.90 303.97 305.87 307.59 309.16 310.58 311.88 313.06 314.13 315.09 315.91
270.49 275.11 279.03 282.60 286.01 289.26 292.37 295.30 298.07 300.51 302.69 304.68 306.49 308.15 309.66 311.03 312.28 313.42 314.45 315.38 316.17
272.56 277.03 280.80 284.21 287.46 290.57 293.50 296.27 298.86 301.20 303.30 305.21 306.96 308.56 310.02 311.35 312.57 313.67 314.68 315.58 316.36
274.43 278.78 282.41 285.66 288.77 291.70 294.47 297.06 299.40 301.67 303.71 305.56 307.26 308.82 310.25 311.56 312.75 313.84 314.83 315.72 316.48
